945 666 575 687 905 904 838 870 057
185 507 710 411 654 393 920 184 514
871 112 737 379 888 794 198 573 217
505 463 783 253 065 235 982 884 236
496 007 892 124 117 875 496 295 716
401 619 981 274 134 371 010 732 602
213 143 151 086 059 408 804 412 886
856 450 293 575 063 503 176 586 090
074 799 069 275 210 568 884 398 767
666 945 575 687 905 904 838 870 057
507 185 710 411 654 393 920 184 514
112 871 737 379 888 794 198 573 217
463 505 783 253 065 235 982 884 236
007 496 892 124 117 875 496 295 716
619 401 981 274 134 371 010 732 602
143 213 151 086 059 408 804 412 886
450 856 293 575 063 503 176 586 090
799 074 069 275 210 568 884 398 767
666 575 945 687 905 904 838 870 057
507 710 185 411 654 393 920 184 514
112 737 871 379 888 794 198 573 217
463 783 505 253 065 235 982 884 236
007 892 496 124 117 875 496 295 716
619 981 401 274 134 371 010 732 602
143 151 213 086 059 408 804 412 886
450 293 856 575 063 503 176 586 090
799 069 074 275 210 568 884 398 767
666 575 687 945 905 904 838 870 057
507 710 411 185 654 393 920 184 514
112 737 379 871 888 794 198 573 217
463 783 253 505 065 235 982 884 236
007 892 124 496 117 875 496 295 716
619 981 274 401 134 371 010 732 602
143 151 086 213 059 408 804 412 886
450 293 575 856 063 503 176 586 090
799 069 275 074 210 568 884 398 767
666 575 687 905 945 904 838 870 057
507 710 411 654 185 393 920 184 514
112 737 379 888 871 794 198 573 217
463 783 253 065 505 235 982 884 236
007 892 124 117 496 875 496 295 716
619 981 274 134 401 371 010 732 602
143 151 086 059 213 408 804 412 886
450 293 575 063 856 503 176 586 090
799 069 275 210 074 568 884 398 767
666 575 687 905 904 945 838 870 057
507 710 411 654 393 185 920 184 514
112 737 379 888 794 871 198 573 217
463 783 253 065 235 505 982 884 236
007 892 124 117 875 496 496 295 716
619 981 274 134 371 401 010 732 602
143 151 086 059 408 213 804 412 886
450 293 575 063 503 856 176 586 090
799 069 275 210 568 074 884 398 767
666 575 687 905 904 838 945 870 057
507 710 411 654 393 920 185 184 514
112 737 379 888 794 198 871 573 217
463 783 253 065 235 982 505 884 236
007 892 124 117 875 496 496 295 716
619 981 274 134 371 010 401 732 602
143 151 086 059 408 804 213 412 886
450 293 575 063 503 176 856 586 090
799 069 275 210 568 884 074 398 767
666 575 687 905 904 838 870 945 057
507 710 411 654 393 920 184 185 514
112 737 379 888 794 198 573 871 217
463 783 253 065 235 982 884 505 236
007 892 124 117 875 496 295 496 716
619 981 274 134 371 010 732 401 602
143 151 086 059 408 804 412 213 886
450 293 575 063 503 176 586 856 090
799 069 275 210 568 884 398 074 767
666 575 687 905 904 838 870 057 945
507 710 411 654 393 920 184 514 185
112 737 379 888 794 198 573 217 871
463 783 253 065 235 982 884 236 505
007 892 124 117 875 496 295 716 496
619 981 274 134 371 010 732 602 401
143 151 086 059 408 804 412 886 213
450 293 575 063 503 176 586 090 856
799 069 275 210 568 884 398 767 074
666 945 575 687 905 904 838 870 057
507 185 710 411 654 393 920 184 514
112 871 737 379 888 794 198 573 217
463 505 783 253 065 235 982 884 236
007 496 892 124 117 875 496 295 716
619 401 981 274 134 371 010 732 602
143 213 151 086 059 408 804 412 886
450 856 293 575 063 503 176 586 090
799 074 069 275 210 568 884 398 767
945 666 575 687 905 904 838 870 057
185 507 710 411 654 393 920 184 514
871 112 737 379 888 794 198 573 217
505 463 783 253 065 235 982 884 236
496 007 892 124 117 875 496 295 716
401 619 981 274 134 371 010 732 602
213 143 151 086 059 408 804 412 886
856 450 293 575 063 503 176 586 090
074 799 069 275 210 568 884 398 767
945 575 666 687 905 904 838 870 057
185 710 507 411 654 393 920 184 514
871 737 112 379 888 794 198 573 217
505 783 463 253 065 235 982 884 236
496 892 007 124 117 875 496 295 716
401 981 619 274 134 371 010 732 602
213 151 143 086 059 408 804 412 886
856 293 450 575 063 503 176 586 090
074 069 799 275 210 568 884 398 767
945 575 687 666 905 904 838 870 057
185 710 411 507 654 393 920 184 514
871 737 379 112 888 794 198 573 217
505 783 253 463 065 235 982 884 236
496 892 124 007 117 875 496 295 716
401 981 274 619 134 371 010 732 602
213 151 086 143 059 408 804 412 886
856 293 575 450 063 503 176 586 090
074 069 275 799 210 568 884 398 767
945 575 687 905 666 904 838 870 057
185 710 411 654 507 393 920 184 514
871 737 379 888 112 794 198 573 217
505 783 253 065 463 235 982 884 236
496 892 124 117 007 875 496 295 716
401 981 274 134 619 371 010 732 602
213 151 086 059 143 408 804 412 886
856 293 575 063 450 503 176 586 090
074 069 275 210 799 568 884 398 767
945 575 687 905 904 666 838 870 057
185 710 411 654 393 507 920 184 514
871 737 379 888 794 112 198 573 217
505 783 253 065 235 463 982 884 236
496 892 124 117 875 007 496 295 716
401 981 274 134 371 619 010 732 602
213 151 086 059 408 143 804 412 886
856 293 575 063 503 450 176 586 090
074 069 275 210 568 799 884 398 767
945 575 687 905 904 838 666 870 057
185 710 411 654 393 920 507 184 514
871 737 379 888 794 198 112 573 217
505 783 253 065 235 982 463 884 236
496 892 124 117 875 496 007 295 716
401 981 274 134 371 010 619 732 602
213 151 086 059 408 804 143 412 886
856 293 575 063 503 176 450 586 090
074 069 275 210 568 884 799 398 767
945 575 687 905 904 838 870 666 057
185 710 411 654 393 920 184 507 514
871 737 379 888 794 198 573 112 217
505 783 253 065 235 982 884 463 236
496 892 124 117 875 496 295 007 716
401 981 274 134 371 010 732 619 602
213 151 086 059 408 804 412 143 886
856 293 575 063 503 176 586 450 090
074 069 275 210 568 884 398 799 767
945 575 687 905 904 838 870 057 666
185 710 411 654 393 920 184 514 507
871 737 379 888 794 198 573 217 112
505 783 253 065 235 982 884 236 463
496 892 124 117 875 496 295 716 007
401 981 274 134 371 010 732 602 619
213 151 086 059 408 804 412 886 143
856 293 575 063 503 176 586 090 450
074 069 275 210 568 884 398 767 799
575 945 666 687 905 904 838 870 057
710 185 507 411 654 393 920 184 514
737 871 112 379 888 794 198 573 217
783 505 463 253 065 235 982 884 236
892 496 007 124 117 875 496 295 716
981 401 619 274 134 371 010 732 602
151 213 143 086 059 408 804 412 886
293 856 450 575 063 503 176 586 090
069 074 799 275 210 568 884 398 767
945 575 666 687 905 904 838 870 057
185 710 507 411 654 393 920 184 514
871 737 112 379 888 794 198 573 217
505 783 463 253 065 235 982 884 236
496 892 007 124 117 875 496 295 716
401 981 619 274 134 371 010 732 602
213 151 143 086 059 408 804 412 886
856 293 450 575 063 503 176 586 090
074 069 799 275 210 568 884 398 767
945 666 575 687 905 904 838 870 057
185 507 710 411 654 393 920 184 514
871 112 737 379 888 794 198 573 217
505 463 783 253 065 235 982 884 236
496 007 892 124 117 875 496 295 716
401 619 981 274 134 371 010 732 602
213 143 151 086 059 408 804 412 886
856 450 293 575 063 503 176 586 090
074 799 069 275 210 568 884 398 767
945 666 687 575 905 904 838 870 057
185 507 411 710 654 393 920 184 514
871 112 379 737 888 794 198 573 217
505 463 253 783 065 235 982 884 236
496 007 124 892 117 875 496 295 716
401 619 274 981 134 371 010 732 602
213 143 086 151 059 408 804 412 886
856 450 575 293 063 503 176 586 090
074 799 275 069 210 568 884 398 767
945 666 687 905 575 904 838 870 057
185 507 411 654 710 393 920 184 514
871 112 379 888 737 794 198 573 217
505 463 253 065 783 235 982 884 236
496 007 124 117 892 875 496 295 716
401 619 274 134 981 371 010 732 602
213 143 086 059 151 408 804 412 886
856 450 575 063 293 503 176 586 090
074 799 275 210 069 568 884 398 767
945 666 687 905 904 575 838 870 057
185 507 411 654 393 710 920 184 514
871 112 379 888 794 737 198 573 217
505 463 253 065 235 783 982 884 236
496 007 124 117 875 892 496 295 716
401 619 274 134 371 981 010 732 602
213 143 086 059 408 151 804 412 886
856 450 575 063 503 293 176 586 090
074 799 275 210 568 069 884 398 767
945 666 687 905 904 838 575 870 057
185 507 411 654 393 920 710 184 514
871 112 379 888 794 198 737 573 217
505 463 253 065 235 982 783 884 236
496 007 124 117 875 496 892 295 716
401 619 274 134 371 010 981 732 602
213 143 086 059 408 804 151 412 886
856 450 575 063 503 176 293 586 090
074 799 275 210 568 884 069 398 767
945 666 687 905 904 838 870 575 057
185 507 411 654 393 920 184 710 514
871 112 379 888 794 198 573 737 217
505 463 253 065 235 982 884 783 236
496 007 124 117 875 496 295 892 716
401 619 274 134 371 010 732 981 602
213 143 086 059 408 804 412 151 886
856 450 575 063 503 176 586 293 090
074 799 275 210 568 884 398 069 767
945 666 687 905 904 838 870 057 575
185 507 411 654 393 920 184 514 710
871 112 379 888 794 198 573 217 737
505 463 253 065 235 982 884 236 783
496 007 124 117 875 496 295 716 892
401 619 274 134 371 010 732 602 981
213 143 086 059 408 804 412 886 151
856 450 575 063 503 176 586 090 293
074 799 275 210 568 884 398 767 069
687 945 666 575 905 904 838 870 057
411 185 507 710 654 393 920 184 514
379 871 112 737 888 794 198 573 217
253 505 463 783 065 235 982 884 236
124 496 007 892 117 875 496 295 716
274 401 619 981 134 371 010 732 602
086 213 143 151 059 408 804 412 886
575 856 450 293 063 503 176 586 090
275 074 799 069 210 568 884 398 767
945 687 666 575 905 904 838 870 057
185 411 507 710 654 393 920 184 514
871 379 112 737 888 794 198 573 217
505 253 463 783 065 235 982 884 236
496 124 007 892 117 875 496 295 716
401 274 619 981 134 371 010 732 602
213 086 143 151 059 408 804 412 886
856 575 450 293 063 503 176 586 090
074 275 799 069 210 568 884 398 767
945 666 687 575 905 904 838 870 057
185 507 411 710 654 393 920 184 514
871 112 379 737 888 794 198 573 217
505 463 253 783 065 235 982 884 236
496 007 124 892 117 875 496 295 716
401 619 274 981 134 371 010 732 602
213 143 086 151 059 408 804 412 886
856 450 575 293 063 503 176 586 090
074 799 275 069 210 568 884 398 767
945 666 575 687 905 904 838 870 057
185 507 710 411 654 393 920 184 514
871 112 737 379 888 794 198 573 217
505 463 783 253 065 235 982 884 236
496 007 892 124 117 875 496 295 716
401 619 981 274 134 371 010 732 602
213 143 151 086 059 408 804 412 886
856 450 293 575 063 503 176 586 090
074 799 069 275 210 568 884 398 767
945 666 575 905 687 904 838 870 057
185 507 710 654 411 393 920 184 514
871 112 737 888 379 794 198 573 217
505 463 783 065 253 235 982 884 236
496 007 892 117 124 875 496 295 716
401 619 981 134 274 371 010 732 602
213 143 151 059 086 408 804 412 886
856 450 293 063 575 503 176 586 090
074 799 069 210 275 568 884 398 767
945 666 575 905 904 687 838 870 057
185 507 710 654 393 411 920 184 514
871 112 737 888 794 379 198 573 217
505 463 783 065 235 253 982 884 236
496 007 892 117 875 124 496 295 716
401 619 981 134 371 274 010 732 602
213 143 151 059 408 086 804 412 886
856 450 293 063 503 575 176 586 090
074 799 069 210 568 275 884 398 767
945 666 575 905 904 838 687 870 057
185 507 710 654 393 920 411 184 514
871 112 737 888 794 198 379 573 217
505 463 783 065 235 982 253 884 236
496 007 892 117 875 496 124 295 716
401 619 981 134 371 010 274 732 602
213 143 151 059 408 804 086 412 886
856 450 293 063 503 176 575 586 090
074 799 069 210 568 884 275 398 767
945 666 575 905 904 838 870 687 057
185 507 710 654 393 920 184 411 514
871 112 737 888 794 198 573 379 217
505 463 783 065 235 982 884 253 236
496 007 892 117 875 496 295 124 716
401 619 981 134 371 010 732 274 602
213 143 151 059 408 804 412 086 886
856 450 293 063 503 176 586 575 090
074 799 069 210 568 884 398 275 767
945 666 575 905 904 838 870 057 687
185 507 710 654 393 920 184 514 411
871 112 737 888 794 198 573 217 379
505 463 783 065 235 982 884 236 253
496 007 892 117 875 496 295 716 124
401 619 981 134 371 010 732 602 274
213 143 151 059 408 804 412 886 086
856 450 293 063 503 176 586 090 575
074 799 069 210 568 884 398 767 275
905 945 666 575 687 904 838 870 057
654 185 507 710 411 393 920 184 514
888 871 112 737 379 794 198 573 217
065 505 463 783 253 235 982 884 236
117 496 007 892 124 875 496 295 716
134 401 619 981 274 371 010 732 602
059 213 143 151 086 408 804 412 886
063 856 450 293 575 503 176 586 090
210 074 799 069 275 568 884 398 767
945 905 666 575 687 904 838 870 057
185 654 507 710 411 393 920 184 514
871 888 112 737 379 794 198 573 217
505 065 463 783 253 235 982 884 236
496 117 007 892 124 875 496 295 716
401 134 619 981 274 371 010 732 602
213 059 143 151 086 408 804 412 886
856 063 450 293 575 503 176 586 090
074 210 799 069 275 568 884 398 767
945 666 905 575 687 904 838 870 057
185 507 654 710 411 393 920 184 514
871 112 888 737 379 794 198 573 217
505 463 065 783 253 235 982 884 236
496 007 117 892 124 875 496 295 716
401 619 134 981 274 371 010 732 602
213 143 059 151 086 408 804 412 886
856 450 063 293 575 503 176 586 090
074 799 210 069 275 568 884 398 767
945 666 575 905 687 904 838 870 057
185 507 710 654 411 393 920 184 514
871 112 737 888 379 794 198 573 217
505 463 783 065 253 235 982 884 236
496 007 892 117 124 875 496 295 716
401 619 981 134 274 371 010 732 602
213 143 151 059 086 408 804 412 886
856 450 293 063 575 503 176 586 090
074 799 069 210 275 568 884 398 767
945 666 575 687 905 904 838 870 057
185 507 710 411 654 393 920 184 514
871 112 737 379 888 794 198 573 217
505 463 783 253 065 235 982 884 236
496 007 892 124 117 875 496 295 716
401 619 981 274 134 371 010 732 602
213 143 151 086 059 408 804 412 886
856 450 293 575 063 503 176 586 090
074 799 069 275 210 568 884 398 767
945 666 575 687 904 905 838 870 057
185 507 710 411 393 654 920 184 514
871 112 737 379 794 888 198 573 217
505 463 783 253 235 065 982 884 236
496 007 892 124 875 117 496 295 716
401 619 981 274 371 134 010 732 602
213 143 151 086 408 059 804 412 886
856 450 293 575 503 063 176 586 090
074 799 069 275 568 210 884 398 767
945 666 575 687 904 838 905 870 057
185 507 710 411 393 920 654 184 514
871 112 737 379 794 198 888 573 217
505 463 783 253 235 982 065 884 236
496 007 892 124 875 496 117 295 716
401 619 981 274 371 010 134 732 602
213 143 151 086 408 804 059 412 886
856 450 293 575 503 176 063 586 090
074 799 069 275 568 884 210 398 767
945 666 575 687 904 838 870 905 057
185 507 710 411 393 920 184 654 514
871 112 737 379 794 198 573 888 217
505 463 783 253 235 982 884 065 236
496 007 892 124 875 496 295 117 716
401 619 981 274 371 010 732 134 602
213 143 151 086 408 804 412 059 886
856 450 293 575 503 176 586 063 090
074 799 069 275 568 884 398 210 767
945 666 575 687 904 838 870 057 905
185 507 710 411 393 920 184 514 654
871 112 737 379 794 198 573 217 888
505 463 783 253 235 982 884 236 065
496 007 892 124 875 496 295 716 117
401 619 981 274 371 010 732 602 134
213 143 151 086 408 804 412 886 059
856 450 293 575 503 176 586 090 063
074 799 069 275 568 884 398 767 210
904 945 666 575 687 905 838 870 057
393 185 507 710 411 654 920 184 514
794 871 112 737 379 888 198 573 217
235 505 463 783 253 065 982 884 236
875 496 007 892 124 117 496 295 716
371 401 619 981 274 134 010 732 602
408 213 143 151 086 059 804 412 886
503 856 450 293 575 063 176 586 090
568 074 799 069 275 210 884 398 767
945 904 666 575 687 905 838 870 057
185 393 507 710 411 654 920 184 514
871 794 112 737 379 888 198 573 217
505 235 463 783 253 065 982 884 236
496 875 007 892 124 117 496 295 716
401 371 619 981 274 134 010 732 602
213 408 143 151 086 059 804 412 886
856 503 450 293 575 063 176 586 090
074 568 799 069 275 210 884 398 767
945 666 904 575 687 905 838 870 057
185 507 393 710 411 654 920 184 514
871 112 794 737 379 888 198 573 217
505 463 235 783 253 065 982 884 236
496 007 875 892 124 117 496 295 716
401 619 371 981 274 134 010 732 602
213 143 408 151 086 059 804 412 886
856 450 503 293 575 063 176 586 090
074 799 568 069 275 210 884 398 767
945 666 575 904 687 905 838 870 057
185 507 710 393 411 654 920 184 514
871 112 737 794 379 888 198 573 217
505 463 783 235 253 065 982 884 236
496 007 892 875 124 117 496 295 716
401 619 981 371 274 134 010 732 602
213 143 151 408 086 059 804 412 886
856 450 293 503 575 063 176 586 090
074 799 069 568 275 210 884 398 767
945 666 575 687 904 905 838 870 057
185 507 710 411 393 654 920 184 514
871 112 737 379 794 888 198 573 217
505 463 783 253 235 065 982 884 236
496 007 892 124 875 117 496 295 716
401 619 981 274 371 134 010 732 602
213 143 151 086 408 059 804 412 886
856 450 293 575 503 063 176 586 090
074 799 069 275 568 210 884 398 767
945 666 575 687 905 904 838 870 057
185 507 710 411 654 393 920 184 514
871 112 737 379 888 794 198 573 217
505 463 783 253 065 235 982 884 236
496 007 892 124 117 875 496 295 716
401 619 981 274 134 371 010 732 602
213 143 151 086 059 408 804 412 886
856 450 293 575 063 503 176 586 090
074 799 069 275 210 568 884 398 767
945 666 575 687 905 838 904 870 057
185 507 710 411 654 920 393 184 514
871 112 737 379 888 198 794 573 217
505 463 783 253 065 982 235 884 236
496 007 892 124 117 496 875 295 716
401 619 981 274 134 010 371 732 602
213 143 151 086 059 804 408 412 886
856 450 293 575 063 176 503 586 090
074 799 069 275 210 884 568 398 767
945 666 575 687 905 838 870 904 057
185 507 710 411 654 920 184 393 514
871 112 737 379 888 198 573 794 217
505 463 783 253 065 982 884 235 236
496 007 892 124 117 496 295 875 716
401 619 981 274 134 010 732 371 602
213 143 151 086 059 804 412 408 886
856 450 293 575 063 176 586 503 090
074 799 069 275 210 884 398 568 767
945 666 575 687 905 838 870 057 904
185 507 710 411 654 920 184 514 393
871 112 737 379 888 198 573 217 794
505 463 783 253 065 982 884 236 235
496 007 892 124 117 496 295 716 875
401 619 981 274 134 010 732 602 371
213 143 151 086 059 804 412 886 408
856 450 293 575 063 176 586 090 503
074 799 069 275 210 884 398 767 568
838 945 666 575 687 905 904 870 057
920 185 507 710 411 654 393 184 514
198 871 112 737 379 888 794 573 217
982 505 463 783 253 065 235 884 236
496 496 007 892 124 117 875 295 716
010 401 619 981 274 134 371 732 602
804 213 143 151 086 059 408 412 886
176 856 450 293 575 063 503 586 090
884 074 799 069 275 210 568 398 767
945 838 666 575 687 905 904 870 057
185 920 507 710 411 654 393 184 514
871 198 112 737 379 888 794 573 217
505 982 463 783 253 065 235 884 236
496 496 007 892 124 117 875 295 716
401 010 619 981 274 134 371 732 602
213 804 143 151 086 059 408 412 886
856 176 450 293 575 063 503 586 090
074 884 799 069 275 210 568 398 767
945 666 838 575 687 905 904 870 057
185 507 920 710 411 654 393 184 514
871 112 198 737 379 888 794 573 217
505 463 982 783 253 065 235 884 236
496 007 496 892 124 117 875 295 716
401 619 010 981 274 134 371 732 602
213 143 804 151 086 059 408 412 886
856 450 176 293 575 063 503 586 090
074 799 884 069 275 210 568 398 767
945 666 575 838 687 905 904 870 057
185 507 710 920 411 654 393 184 514
871 112 737 198 379 888 794 573 217
505 463 783 982 253 065 235 884 236
496 007 892 496 124 117 875 295 716
401 619 981 010 274 134 371 732 602
213 143 151 804 086 059 408 412 886
856 450 293 176 575 063 503 586 090
074 799 069 884 275 210 568 398 767
945 666 575 687 838 905 904 870 057
185 507 710 411 920 654 393 184 514
871 112 737 379 198 888 794 573 217
505 463 783 253 982 065 235 884 236
496 007 892 124 496 117 875 295 716
401 619 981 274 010 134 371 732 602
213 143 151 086 804 059 408 412 886
856 450 293 575 176 063 503 586 090
074 799 069 275 884 210 568 398 767
945 666 575 687 905 838 904 870 057
185 507 710 411 654 920 393 184 514
871 112 737 379 888 198 794 573 217
505 463 783 253 065 982 235 884 236
496 007 892 124 117 496 875 295 716
401 619 981 274 134 010 371 732 602
213 143 151 086 059 804 408 412 886
856 450 293 575 063 176 503 586 090
074 799 069 275 210 884 568 398 767
945 666 575 687 905 904 838 870 057
185 507 710 411 654 393 920 184 514
871 112 737 379 888 794 198 573 217
505 463 783 253 065 235 982 884 236
496 007 892 124 117 875 496 295 716
401 619 981 274 134 371 010 732 602
213 143 151 086 059 408 804 412 886
856 450 293 575 063 503 176 586 090
074 799 069 275 210 568 884 398 767
945 666 575 687 905 904 870 838 057
185 507 710 411 654 393 184 920 514
871 112 737 379 888 794 573 198 217
505 463 783 253 065 235 884 982 236
496 007 892 124 117 875 295 496 716
401 619 981 274 134 371 732 010 602
213 143 151 086 059 408 412 804 886
856 450 293 575 063 503 586 176 090
074 799 069 275 210 568 398 884 767
945 666 575 687 905 904 870 057 838
185 507 710 411 654 393 184 514 920
871 112 737 379 888 794 573 217 198
505 463 783 253 065 235 884 236 982
496 007 892 124 117 875 295 716 496
401 619 981 274 134 371 732 602 010
213 143 151 086 059 408 412 886 804
856 450 293 575 063 503 586 090 176
074 799 069 275 210 568 398 767 884
870 945 666 575 687 905 904 838 057
184 185 507 710 411 654 393 920 514
573 871 112 737 379 888 794 198 217
884 505 463 783 253 065 235 982 236
295 496 007 892 124 117 875 496 716
732 401 619 981 274 134 371 010 602
412 213 143 151 086 059 408 804 886
586 856 450 293 575 063 503 176 090
398 074 799 069 275 210 568 884 767
945 870 666 575 687 905 904 838 057
185 184 507 710 411 654 393 920 514
871 573 112 737 379 888 794 198 217
505 884 463 783 253 065 235 982 236
496 295 007 892 124 117 875 496 716
401 732 619 981 274 134 371 010 602
213 412 143 151 086 059 408 804 886
856 586 450 293 575 063 503 176 090
074 398 799 069 275 210 568 884 767
945 666 870 575 687 905 904 838 057
185 507 184 710 411 654 393 920 514
871 112 573 737 379 888 794 198 217
505 463 884 783 253 065 235 982 236
496 007 295 892 124 117 875 496 716
401 619 732 981 274 134 371 010 602
213 143 412 151 086 059 408 804 886
856 450 586 293 575 063 503 176 090
074 799 398 069 275 210 568 884 767
945 666 575 870 687 905 904 838 057
185 507 710 184 411 654 393 920 514
871 112 737 573 379 888 794 198 217
505 463 783 884 253 065 235 982 236
496 007 892 295 124 117 875 496 716
401 619 981 732 274 134 371 010 602
213 143 151 412 086 059 408 804 886
856 450 293 586 575 063 503 176 090
074 799 069 398 275 210 568 884 767
945 666 575 687 870 905 904 838 057
185 507 710 411 184 654 393 920 514
871 112 737 379 573 888 794 198 217
505 463 783 253 884 065 235 982 236
496 007 892 124 295 117 875 496 716
401 619 981 274 732 134 371 010 602
213 143 151 086 412 059 408 804 886
856 450 293 575 586 063 503 176 090
074 799 069 275 398 210 568 884 767
945 666 575 687 905 870 904 838 057
185 507 710 411 654 184 393 920 514
871 112 737 379 888 573 794 198 217
505 463 783 253 065 884 235 982 236
496 007 892 124 117 295 875 496 716
401 619 981 274 134 732 371 010 602
213 143 151 086 059 412 408 804 886
856 450 293 575 063 586 503 176 090
074 799 069 275 210 398 568 884 767
945 666 575 687 905 904 870 838 057
185 507 710 411 654 393 184 920 514
871 112 737 379 888 794 573 198 217
505 463 783 253 065 235 884 982 236
496 007 892 124 117 875 295 496 716
401 619 981 274 134 371 732 010 602
213 143 151 086 059 408 412 804 886
856 450 293 575 063 503 586 176 090
074 799 069 275 210 568 398 884 767
945 666 575 687 905 904 838 870 057
185 507 710 411 654 393 920 184 514
871 112 737 379 888 794 198 573 217
505 463 783 253 065 235 982 884 236
496 007 892 124 117 875 496 295 716
401 619 981 274 134 371 010 732 602
213 143 151 086 059 408 804 412 886
856 450 293 575 063 503 176 586 090
074 799 069 275 210 568 884 398 767
945 666 575 687 905 904 838 057 870
185 507 710 411 654 393 920 514 184
871 112 737 379 888 794 198 217 573
505 463 783 253 065 235 982 236 884
496 007 892 124 117 875 496 716 295
401 619 981 274 134 371 010 602 732
213 143 151 086 059 408 804 886 412
856 450 293 575 063 503 176 090 586
074 799 069 275 210 568 884 767 398
057 945 666 575 687 905 904 838 870
514 185 507 710 411 654 393 920 184
217 871 112 737 379 888 794 198 573
236 505 463 783 253 065 235 982 884
716 496 007 892 124 117 875 496 295
602 401 619 981 274 134 371 010 732
886 213 143 151 086 059 408 804 412
090 856 450 293 575 063 503 176 586
767 074 799 069 275 210 568 884 398
945 057 666 575 687 905 904 838 870
185 514 507 710 411 654 393 920 184
871 217 112 737 379 888 794 198 573
505 236 463 783 253 065 235 982 884
496 716 007 892 124 117 875 496 295
401 602 619 981 274 134 371 010 732
213 886 143 151 086 059 408 804 412
856 090 450 293 575 063 503 176 586
074 767 799 069 275 210 568 884 398
945 666 057 575 687 905 904 838 870
185 507 514 710 411 654 393 920 184
871 112 217 737 379 888 794 198 573
505 463 236 783 253 065 235 982 884
496 007 716 892 124 117 875 496 295
401 619 602 981 274 134 371 010 732
213 143 886 151 086 059 408 804 412
856 450 090 293 575 063 503 176 586
074 799 767 069 275 210 568 884 398
945 666 575 057 687 905 904 838 870
185 507 710 514 411 654 393 920 184
871 112 737 217 379 888 794 198 573
505 463 783 236 253 065 235 982 884
496 007 892 716 124 117 875 496 295
401 619 981 602 274 134 371 010 732
213 143 151 886 086 059 408 804 412
856 450 293 090 575 063 503 176 586
074 799 069 767 275 210 568 884 398
945 666 575 687 057 905 904 838 870
185 507 710 411 514 654 393 920 184
871 112 737 379 217 888 794 198 573
505 463 783 253 236 065 235 982 884
496 007 892 124 716 117 875 496 295
401 619 981 274 602 134 371 010 732
213 143 151 086 886 059 408 804 412
856 450 293 575 090 063 503 176 586
074 799 069 275 767 210 568 884 398
945 666 575 687 905 057 904 838 870
185 507 710 411 654 514 393 920 184
871 112 737 379 888 217 794 198 573
505 463 783 253 065 236 235 982 884
496 007 892 124 117 716 875 496 295
401 619 981 274 134 602 371 010 732
213 143 151 086 059 886 408 804 412
856 450 293 575 063 090 503 176 586
074 799 069 275 210 767 568 884 398
945 666 575 687 905 904 057 838 870
185 507 710 411 654 393 514 920 184
871 112 737 379 888 794 217 198 573
505 463 783 253 065 235 236 982 884
496 007 892 124 117 875 716 496 295
401 619 981 274 134 371 602 010 732
213 143 151 086 059 408 886 804 412
856 450 293 575 063 503 090 176 586
074 799 069 275 210 568 767 884 398
945 666 575 687 905 904 838 057 870
185 507 710 411 654 393 920 514 184
871 112 737 379 888 794 198 217 573
505 463 783 253 065 235 982 236 884
496 007 892 124 117 875 496 716 295
401 619 981 274 134 371 010 602 732
213 143 151 086 059 408 804 886 412
856 450 293 575 063 503 176 090 586
074 799 069 275 210 568 884 767 398
945 666 575 687 905 904 838 870 057
185 507 710 411 654 393 920 184 514
871 112 737 379 888 794 198 573 217
505 463 783 253 065 235 982 884 236
496 007 892 124 117 875 496 295 716
401 619 981 274 134 371 010 732 602
213 143 151 086 059 408 804 412 886
856 450 293 575 063 503 176 586 090
074 799 069 275 210 568 884 398 767
